IT2PPHUA3,Jane Wilson
0ZHV775I7,William Garcia
02BSLM8YW,Sophia Garcia
YFHZ1G8XG,James Brown
15E5R5P6P,Olivia Miller
741S7UNXJ,Olivia Wilson
C41531PZL,Emily Smith
SNTUV3V08,Emily Rodriguez
HF5GI39KB,John Martinez
8DQ8TWBVA,Jane Jones
S0BMLKNNF,William Miller
LRW0TA9UN,Sophia Smith
88WI63L7J,John Rodriguez
FESJZNKWG,Olivia Johnson
ZB37ZOVLE,Daniel Wilson
UO06Q2WLG,Sophia Jones
7QADNBMM2,Daniel Rodriguez
FNJHQEBW0,John Smith
ZQHGORGQM,James Miller
FVE6TNU7J,Olivia Davis
96SUMQF27,Emily Martinez
0JHGF6DXQ,Daniel Smith
YVJAKMUUM,Daniel Jones
1WLM4AHI0,Emily Wilson
BAI9DTFM0,Sophia Martinez
J1ONQHYSQ,Emily Garcia
B02ZRRFXA,Emily Johnson
EK0J5BRJD,Daniel Garcia
NKZ0XY5MH,James Rodriguez
LMESQ5XSV,Olivia Jones
9824YT570,Emily Wilson
PXWZIVJES,Sophia Martinez
2WZAP52V4,Olivia Garcia
PD7P05LAS,William Garcia
Z9ZSNJWGL,John Rodriguez
D6I6KTA1H,Jane Garcia
RR7BVUIPX,Emily Jones
ASQ3I7FOX,John Davis
G7C722QBZ,Daniel Martinez
HZI8EWKUK,John Davis
ISYPQ2UUZ,William Rodriguez
FWB3HK9WY,Jane Johnson
M0MPNDQSD,Sophia Jones
SZI2YQGE1,Michael Jones
HJ0XXN03Y,John Smith
RO6MOA32P,Emma Miller
W8XT96F9Z,Daniel Smith
2HC7SIUOX,Daniel Smith
49RU3ZFUD,Emily Rodriguez
H463B1G1D,John Smith
